13
5.800 3.200 2.6000 12.000 1.5e+03 6.0e+02 0
6.800 3.900 2.9000 9.400 1.4e+03 6.0e+02 12
8.080 4.473 3.3754 196.000 1.2e+03 5.0e+02 21.4
8.594 4.657 3.4465 36.000 3.6e+02 1.4e+02 217
8.732 4.707 3.4895 108.00 3.7e+02 1.4e+02 289
8.871 4.757 3.5325 36.000 3.7e+02 1.4e+02 361
9.219 4.981 3.7448 33.333 3.7e+02 1.4e+02 397
9.561 5.176 3.8288 100.00 3.6e+02 1.4e+02 463.666
9.902 5.370 3.9128 33.333 3.6e+02 1.4e+02 530.332
10.073 5.467 3.9548 33.333 3.6e+02 1.4e+02 563.665
10.212 5.543 3.9840 70.000 3.6e+02 1.4e+02 620.331
10.791 5.982 4.3886 25.250 7.6e+02 3.1e+02 666.997
10.869 6.056 4.4043 0.0 7.5e+02 3.1e+02 692.247
